1008 강나나 85 86 89 260 86
1013 강동현 25 23 21 69 23
1015 김맹구 84 22 59 165 55
1018 김산산 89 91 23 203 67
1011 김자바 54 36 27 117 39
1021 나둥둥 65 95 85 245 81
1017 다도도 81 92 77 250 83
1007 서블릿 95 93 92 280 93
1009 스프링 79 86 50 215 71
1006 오라클 10 11 12 33 11
1012 오미나 60 81 31 172 57
1016 윈도우 93 96 77 266 88
1003 유관순 95 92 76 263 87
1020 이구구 27 85 46 158 52
1014 이상해 87 89 67 243 81
1002 이순신 100 85 90 275 91
1005 이자바 99 98 97 294 98
1004 정약용 90 91 94 275 91
1010 파이썬 66 97 71 234 78
1019 하호희 38 47 35 120 40
1001 홍길동 70 90 85 245 81
